#COUNTS
Sample	Missing_GT	Called_GT	Variant_GT	Heterozygous	Homozygous-Alt	Deletions	Insertions	Monomorphs	SNPs	Ts	Tv	AC	AG	AT	CA	CG	CT	GA	GC	GT	TA	TC	TG	dbSNP	intergenic	intronic	synonymous_SNV	nonsynonymous_SNV	stoploss	stopgain	nonframeshift_deletion	nonframeshift_insertion	frameshift_deletion	frameshift_insertion	unknown	exonic	ncRNA_intronic	splicing	UTR5	ncRNA_exonic	upstream
234_a	230	40778	21897	13201	8696	346	228	0	21323	15982	5341	604	3723	356	678	954	4223	4293	986	728	380	3743	655	21021	23	23	10997	10064	8	99	207	142	104	76	81	30	10	15	2	15	1
239_a	252	40756	21804	12518	9286	345	223	0	21236	15805	5431	649	3668	347	693	970	4184	4212	1014	731	384	3741	643	20935	23	28	10840	10144	13	95	202	134	106	81	65	32	13	14	2	11	1
259_a	214	40794	21827	12464	9363	314	214	0	21299	15935	5364	598	3761	379	697	982	4166	4198	1022	686	373	3810	627	20845	17	30	10846	10221	11	85	184	140	104	65	57	20	17	13	1	15	1
293_a	237	40771	21459	12191	9268	311	209	0	20939	15561	5378	634	3702	357	726	936	3990	4113	1013	684	379	3756	649	20791	27	31	10693	9997	10	87	193	139	97	61	67	13	8	16	5	13	2
#DEPTH
Sample	0	1	2	3	4	5	6	7	8	9	10	11	12	13	14	15	16	17	18	19	20	21	22	23	24	25	26	27	28	29	30	31	32	33	34	35	36	37	38	39	40	41	42	43	44	45	46	47	48	49	50	51	52	53	54	55	56	57	58	59	60	61	62	63	64	65	66	67	68	69	70	71	72	73	74	75	76	77	78	79	80	81	82	83	84	85	86	87	88	89	90	91	92	93	94	95	96	97	98	99	>100
234_a	139	121	203	277	333	361	464	510	618	676	775	868	904	1016	982	1064	1076	1151	1173	1179	1382	1482	1152	1037	1140	1193	963	1028	1025	852	867	891	768	913	1011	1015	976	888	795	746	568	533	519	422	380	313	294	192	213	177	148	150	147	169	128	107	97	108	90	93	69	85	82	73	56	59	58	58	42	56	29	44	35	41	39	21	28	21	22	33	32	25	34	20	13	19	12	13	16	8	13	15	14	18	9	18	12	13	14	13	864
239_a	174	46	112	119	145	140	168	153	182	192	230	232	219	282	274	312	343	364	381	411	461	485	447	440	514	529	437	527	564	524	560	618	498	960	1155	1188	1169	1176	1227	1170	1156	994	1033	893	856	818	737	624	556	586	500	524	441	402	419	383	396	347	425	335	353	322	328	266	270	306	260	270	248	248	259	229	199	205	209	165	180	171	161	145	131	135	122	117	126	120	114	104	116	97	73	74	93	79	81	79	84	86	73	59	2698
259_a	131	111	169	159	165	176	230	243	291	338	350	380	403	430	487	525	526	555	602	627	759	800	677	626	751	755	716	764	797	739	791	868	763	976	1259	1303	1303	1192	1213	1066	1032	1036	910	884	796	695	639	533	444	438	385	411	368	358	318	273	289	282	288	244	221	222	196	189	171	171	182	229	129	172	142	118	128	115	115	115	74	93	93	84	65	66	88	50	70	77	58	65	53	51	50	56	61	41	46	33	30	31	25	37	1357
293_a	131	108	197	240	247	330	383	442	507	559	577	654	670	768	889	886	889	963	978	1043	1214	1252	1067	996	1080	1058	968	1092	1008	904	925	952	865	1005	1178	1187	1087	1087	1001	887	753	650	619	568	422	386	359	322	284	214	196	203	196	175	171	139	121	132	118	118	93	97	103	88	77	66	64	75	69	57	58	41	55	49	40	47	39	38	41	32	43	26	22	27	20	21	19	23	13	26	22	13	14	22	24	38	9	27	15	9	926
#QUAL
Sample	0	1	2	3	4	5	6	7	8	9	10	11	12	13	14	15	16	17	18	19	20	21	22	23	24	25	26	27	28	29	30	31	32	33	34	35	36	37	38	39	40	41	42	43	44	45	46	47	48	49	50	51	52	53	54	55	56	57	58	59	60	61	62	63	64	65	66	67	68	69	70	71	72	73	74	75	76	77	78	79	80	81	82	83	84	85	86	87	88	89	90	91	92	93	94	95	96	97	98	99	>100
234_a	4	4	9	12	9	6	85	4	9	118	14	10	115	6	8	116	11	14	135	7	15	148	9	11	173	12	16	166	19	19	214	11	8	195	16	25	237	13	29	260	9	20	243	23	32	245	17	35	253	23	50	287	34	44	295	28	56	276	31	38	287	21	57	249	27	59	259	32	58	256	24	57	232	17	60	213	25	48	219	29	49	240	19	55	234	29	58	202	20	45	169	33	63	177	33	63	178	21	51	13598	0
239_a	1	10	4	7	4	9	61	4	7	70	6	9	72	5	4	49	2	11	56	10	15	57	6	8	61	8	9	72	7	12	45	9	8	75	9	10	61	9	9	86	9	16	100	8	12	98	7	11	92	14	15	105	10	21	116	14	19	136	20	18	112	15	19	124	5	28	141	7	29	146	12	32	162	8	28	138	11	31	111	14	34	135	14	17	136	13	40	124	15	33	144	17	27	148	15	33	137	14	31	17686	0
259_a	7	14	26	40	16	34	107	27	18	86	14	12	79	25	28	66	26	20	93	20	36	93	29	26	106	24	24	104	25	19	106	30	27	127	26	31	139	20	27	123	18	18	168	24	24	162	25	33	151	25	35	169	19	45	169	34	29	176	16	42	168	17	48	171	22	34	178	18	44	166	21	36	172	27	47	150	22	30	153	15	38	145	19	43	157	19	38	148	17	57	148	20	54	188	22	43	160	17	44	15629	0
293_a	3	7	6	20	11	10	83	8	8	83	9	13	100	6	12	99	16	17	117	13	14	144	9	20	146	6	14	170	15	15	176	13	24	193	15	16	182	4	17	215	9	23	251	8	22	232	12	29	247	19	24	259	19	41	268	21	25	253	17	30	268	18	39	250	14	43	270	23	52	255	18	37	244	14	50	224	21	48	235	27	44	252	16	42	206	21	60	227	22	56	194	30	47	222	21	49	187	20	44	13691	0
#AAFS
Sample	0.0	0.05	0.1	0.15	0.2	0.25	0.3	0.35	0.4	0.45	0.5	0.55	0.6	0.65	0.7	0.75	0.8	0.85	0.9	0.95
234_a	0	0	3541	38	3022	0	42	2888	0	3298	0	0	2108	22	2144	0	21	1719	0	3054
239_a	0	0	3401	49	3181	0	51	2825	0	3209	0	0	2142	30	2111	0	13	1719	0	3073
259_a	0	0	4344	41	3000	0	51	2467	0	3087	0	0	1993	47	1989	0	22	1719	0	3067
293_a	0	0	3469	32	2935	0	44	2658	0	3192	0	0	2147	47	2125	0	22	1719	0	3069
#INSERT_LEN
Sample	0	1	2	3	4	5	6	7	8	9	10	11	12	13	14	15	16	17	18	19	20	21	22	23	24	25	26	27	28	29	30	31	32	33	34	35	36	37	38	39	40	41	42	43	44	45	46	47	48	49	50	51	52	53	54	55	56	57	58	59	60	61	62	63	64	65	66	67	68	69	70	71	72	73	74	75	76	77	78	79	80	81	82	83	84	85	86	87	88	89	90	91	92	93	94	95	96	97	98	99	>100
234_a	0	39	18	74	9	4	25	0	2	12	1	1	3	0	0	6	0	3	3	0	1	3	2	0	2	0	0	4	0	0	1	1	0	0	1	0	1	0	0	1	1	0	1	0	0	0	0	0	2	0	0	0	0	0	2	0	0	0	0	0	0	0	0	0	0	0	0	0	1	0	0	0	1	0	0	0	0	0	0	0	0	0	0	0	0	0	0	0	0	0	0	0	0	0	0	0	3	0	0	0	0
239_a	0	41	24	65	7	3	24	0	1	10	2	0	3	0	0	6	1	2	4	0	1	5	0	0	1	0	0	3	0	0	1	1	0	0	2	0	1	0	1	1	0	0	2	0	0	0	0	0	1	0	1	0	0	0	2	0	0	1	0	0	0	0	0	0	0	0	0	0	0	0	0	0	1	0	0	0	0	0	0	0	0	0	0	0	0	0	0	0	0	0	0	0	0	0	0	0	4	0	0	0	1
259_a	0	36	24	61	6	1	29	0	0	19	2	1	3	0	0	3	0	0	5	0	0	3	0	0	2	0	0	3	0	0	3	0	0	1	1	0	1	0	0	1	0	0	1	0	1	0	0	0	3	0	0	0	0	0	1	0	0	2	0	0	1	0	0	0	0	0	0	0	0	0	0	0	0	0	0	0	0	0	0	0	0	0	0	0	0	0	0	0	0	0	0	0	0	0	0	0	0	0	0	0	0
293_a	0	37	17	72	3	2	23	0	1	14	1	1	4	0	0	8	0	0	3	0	0	2	0	0	3	0	0	2	1	0	4	2	0	0	0	0	1	0	1	1	0	0	1	0	0	0	0	0	1	0	0	0	0	0	1	0	0	0	0	0	0	0	0	0	0	0	0	0	0	0	0	0	0	0	0	0	0	0	0	0	0	0	0	0	0	0	0	0	0	0	0	0	0	0	0	0	2	0	0	0	1
#DELETE_LEN
Sample	0	1	2	3	4	5	6	7	8	9	10	11	12	13	14	15	16	17	18	19	20	21	22	23	24	25	26	27	28	29	30	31	32	33	34	35	36	37	38	39	40	41	42	43	44	45	46	47	48	49	50	51	52	53	54	55	56	57	58	59	60	61	62	63	64	65	66	67	68	69	70	71	72	73	74	75	76	77	78	79	80	81	82	83	84	85	86	87	88	89	90	91	92	93	94	95	96	97	98	99	>100
234_a	24	52	28	127	12	2	29	2	2	12	2	1	5	0	1	9	0	1	5	0	0	4	1	0	3	0	1	3	0	0	6	0	0	0	0	0	0	0	0	0	0	0	1	0	0	1	0	0	4	0	0	0	0	0	1	0	0	0	0	0	0	0	0	1	0	0	0	0	0	0	0	0	0	0	0	0	0	0	1	0	0	0	0	0	0	0	1	0	0	0	0	0	0	1	0	0	1	0	0	0	2
239_a	24	54	32	116	8	2	26	1	1	11	4	1	8	1	1	11	0	1	5	0	0	8	0	0	3	1	1	2	1	0	3	0	0	2	0	0	1	0	0	1	0	0	1	0	0	0	1	0	4	0	0	1	0	0	1	0	0	0	0	0	0	0	0	1	0	0	1	0	0	0	0	0	0	0	0	0	0	0	1	0	0	0	0	0	0	0	0	0	0	0	0	0	0	0	0	0	2	0	0	0	2
259_a	17	45	32	115	10	2	26	1	1	11	3	2	5	1	1	11	0	0	3	2	0	3	1	0	3	0	1	4	1	1	4	0	0	1	0	0	1	0	0	1	0	0	0	0	0	0	0	0	0	0	0	1	0	0	1	0	0	0	0	0	0	0	0	0	0	0	0	0	0	0	0	0	0	0	0	0	0	0	0	0	0	0	0	0	1	0	0	0	0	0	0	0	0	0	0	0	0	0	0	0	2
293_a	6	48	28	125	11	2	25	2	1	11	3	1	7	1	1	10	1	1	4	0	0	2	0	0	0	1	0	4	1	0	6	0	0	0	0	0	0	0	0	0	0	0	1	0	0	0	0	0	2	0	0	0	0	0	0	0	0	0	0	0	2	0	0	0	0	0	0	0	0	0	0	0	0	0	0	0	0	0	0	0	0	0	0	0	0	0	0	0	0	0	0	0	0	0	0	0	2	0	0	0	2
